-82.173913 -180.0
-82.173913 -172.340426
-82.173913 -164.680851
-82.173913 -157.021277
-82.173913 -149.361702
-82.173913 -103.404255
-82.173913 -95.744681
-82.173913 -88.085106
-82.173913 -80.425532
-82.173913 -72.765957
-82.173913 -65.106383
-82.173913 -57.446809
-82.173913 49.787234
-82.173913 57.446809
-82.173913 65.106383
-82.173913 72.765957
-82.173913 80.425532
-82.173913 88.085106
-82.173913 95.744681
-82.173913 103.404255
-82.173913 111.06383
-82.173913 118.723404
-82.173913 126.382979
-82.173913 134.042553
-82.173913 141.702128
-82.173913 149.361702
-82.173913 157.021277
-82.173913 164.680851
-82.173913 172.340426
-82.173913 180.0
-82.173913 185.0
82.173913 185.0
82.173913 180.0
82.173913 172.340426
82.173913 164.680851
82.173913 157.021277
82.173913 149.361702
82.173913 141.702128
82.173913 134.042553
82.173913 72.765957
82.173913 65.106383
82.173913 -134.042553
82.173913 -141.702128
82.173913 -149.361702
82.173913 -157.021277
82.173913 -164.680851
82.173913 -172.340426
